11
КСТ
12621603
Петър
06/2001
222
6
6
6
6
6
6
СИТ
12621504
Самуил
07/2001
221
6
5
6
6
5
5.6
СИТ
12621503
Кольо
04/2001
224
6
6
6
4
5
5.4
КСТ
12621604
Тихомир
03/2000
237
5
5
5
6
5
5.2
СИТ
12621501
Радослав
11/2001
217
6
5
6
4
5
5.2
СИТ
12621505
Милена
08/2000
232
5
5
6
5
4
5
СИТ
12621507
Християн
09/2000
231
5
5
5
5
5
5
СИТ
12621502
Илиан
02/2000
238
5
5
5
4
5
4.8
КСТ
12621601
Йоана
12/2000
228
5
5
3
6
5
4.8
КСТ
12621602
Стоян
05/2000
235
4
4
6
4
5
4.6
КСТ
12621605
Деян
12/2001
216
4
3
4
4
5
4
7
5
1
